X	FUNKCJA INTERPOLOWANA	INTERPOLACJA Z WÊZ£AMI RÓWNOODLEG£YMI	INTERPOLACJA Z WÊZ£AMI CZEBYSZEWA
-1.0000000000000000	0.0909090909090909	0.0909090909090909	0.0906331195115500
-0.9900000000000000	0.0960171925096357	0.0943185816055655	0.0961885599448941
-0.9800000000000000	0.1014360935795428	0.0966138918594766	0.1016946489396608
-0.9700000000000000	0.1071843522331735	0.0991141718021276	0.1073602191683147
-0.9600000000000000	0.1132813566385379	0.1025868586629314	0.1133220749767279
-0.9500000000000000	0.1197473010127759	0.1074085623395900	0.1196657493833814
-0.9399999999999999	0.1266031469976065	0.1136904056049471	0.1264418308869022
-0.9299999999999999	0.1338705678008785	0.1213740130211868	0.1336785503939489
-0.9199999999999999	0.1415718722309992	0.1303034700421799	0.1413912380574145
-0.9099999999999999	0.1497299055083032	0.1402778017862331	0.1495891863320656
-0.8999999999999999	0.1583679235272972	0.1510878400502813	0.1582803888963582
-0.8899999999999999	0.1675094370864177	0.1625407485386275	0.1674745644490643
-0.8799999999999999	0.1771780225224884	0.1744749519057023	0.1771848197367419
-0.8699999999999999	0.1873970952155580	0.1867677566166930	0.1874282567050175
-0.8599999999999999	0.1981896426014390	0.1993375539679372	0.1982257842905155
-0.8499999999999999	0.2095779136839610	0.2121421515998891	0.2096013555535987
-0.8399999999999999	0.2215830626203306	0.2251744837251674	0.2215808153056055
-0.8299999999999998	0.2342247448066270	0.2384566968205672	0.2341905117470209
-0.8199999999999998	0.2475206650611255	0.2520333918916720	0.2474557976391682
-0.8099999999999998	0.2614860790308448	0.2659646222359788	0.2613995218241854
-0.7999999999999998	0.2761332508615360	0.2803190929271080	0.2760405902757647
-0.7899999999999998	0.2914708724868526	0.2951678814100306	0.2913926569735260
-0.7799999999999998	0.3075034525980895	0.3105788943695383	0.3074629885912561
-0.7699999999999998	0.3242306864085012	0.3266121914631659	0.3242515329455947
-0.7599999999999998	0.3416468206415532	0.3433162389411528	0.3417502092318607
-0.7499999999999998	0.3597400316177766	0.3607251032267272	0.3599424280398965
-0.7399999999999998	0.3784918377038564	0.3788565540672110	0.3788028407954299
-0.7299999999999998	0.3978765704795565	0.3977110169875548	0.3982973114800585
-0.7199999999999998	0.4178609314832979	0.4172712937917712	0.4183830980269226
-0.7099999999999997	0.4384036629898891	0.4375029562671053	0.4390092265709610
-0.6999999999999997	0.4594553616143430	0.4583553107306534	0.4601170385656900
-0.6899999999999997	0.4809584623015474	0.4797628284604506	0.4816408885685153
-0.6799999999999997	0.5028474171872068	0.5016469383619563	0.5035089690974190
-0.6699999999999997	0.5250490887361777	0.5239180825593841	0.5256442382833643
-0.6599999999999997	0.5474833694603396	0.5464779422135601	0.5479654259597044
-0.6499999999999997	0.5700640315516197	0.5692217491074246	0.5703880942794113
-0.6399999999999997	0.5926997993033897	0.5920406078587734	0.5928257298125088
-0.6299999999999997	0.6152956258068039	0.6148237635574386	0.6151908453055377
-0.6199999999999997	0.6377541438477544	0.6374607597996979	0.6373960707890974
-0.6099999999999997	0.6599772500676928	0.6598434421951593	0.6593552154411605
-0.5999999999999996	0.6818677722016154	0.6818677722016154	0.6809842835045076
-0.5899999999999996	0.7033311624254835	0.7034354254068428	0.7022024295487956
-0.5799999999999996	0.7242771562288237	0.7244551569762853	0.7229328404343686
-0.5699999999999996	0.7446213362188904	0.7448439248167112	0.7431035334167226
-0.5599999999999996	0.7642865439847055	0.7645277679987795	0.7626480619144040
-0.5499999999999996	0.7832040903812634	0.7834424440971091	0.7815061224915013
-0.5399999999999996	0.8013147247872225	0.8015338343317937	0.7996240585822380
-0.5299999999999996	0.8185693362273195	0.8187581297389180	0.8169552583645470
-0.5199999999999996	0.8349293727445852	0.8350818150856290	0.8334604459576354
-0.5099999999999996	0.8503669790089217	0.8504814699182035	0.8491078667789060
-0.4999999999999996	0.8648648648648656	0.8649434080408485	0.8638733694040526
-0.4899999999999995	0.8784159285149197	0.8784631779286587	0.8777403876513901
-0.4799999999999995	0.8910226666951100	0.8910449471461275	0.8906998278354223
-0.4699999999999995	0.9026964101795897	0.9027007938425626	0.9027498672031100
-0.4599999999999995	0.9134564261691447	0.9134499278993987	0.9138956704846533
-0.4499999999999995	0.9233289297275996	0.9233178633837213	0.9241490322463283
-0.4399999999999995	0.9323460447676570	0.9323355626883654	0.9335279533459258
-0.4299999999999995	0.9405447516122734	0.9405385711805456	0.9420561602440466
-0.4199999999999995	0.9479658533853956	0.9479661594039183	0.9497625762415618
-0.4099999999999995	0.9546529879333454	0.9546604879450815	0.9566807538884542
-0.3999999999999995	0.9606517061174303	0.9606658080422508	0.9628482778523950
-0.3899999999999995	0.9660086315467283	0.9660277089336202	0.9683061474589867
-0.3799999999999994	0.9707707114439196	0.9707924208630068	0.9730981479216065
-0.3699999999999994	0.9749845635688411	0.9750061806225434	0.9772702189824678
-0.3599999999999994	0.9786959200883640	0.9787146645526941	0.9808698292938475
-0.3499999999999994	0.9819491660259706	0.9819624920694743	0.9839453643927660
-0.3399999999999994	0.9847869674388130	0.9847928010727537	0.9865455355701505
-0.3299999999999994	0.9872499826994783	0.9872468950279636	0.9887188163213985
-0.3199999999999994	0.9893766491214928	0.9893639601213851	0.9905129123979023
-0.3099999999999994	0.9912030365643081	0.9911808496767401	0.9919742707668177
-0.2999999999999994	0.9927627594833662	0.9927319319937484	0.9931476320443267
-0.2899999999999994	0.9940869390554831	0.9940489969293541	0.9940756302008944
-0.2799999999999994	0.9952042074194458	0.9951612158874414	0.9947984425588153
-0.2699999999999994	0.9961407466482073	0.9960951494075598	0.9953534923194869
-0.2599999999999993	0.9969203557469425	0.9968747962393242	0.9957752050819267
-0.2499999999999993	0.9975645396980030	0.9975216776457363	0.9960948200495775
-0.2399999999999993	0.9980926153089085	0.9980549506829830	0.9963402558830114
-0.2299999999999993	0.9985218293330879	0.9984915443415526	0.9965360304415344
-0.2199999999999993	0.9988674850044148	0.9988463126880029	0.9967032329823962
-0.2099999999999993	0.9991430737424110	0.9991321995016043	0.9968595467495103
-0.1999999999999993	0.9993604093380237	0.9993604093380242	0.9970193192972832
-0.1899999999999993	0.9995297624174135	0.9995405804558356	0.9971936773591225
-0.1799999999999993	0.9996599934038052	0.9996809555934236	0.9973906825911212
-0.1699999999999993	0.9997586825581641	0.9997885471670567	0.9976155241012813
-0.1599999999999993	0.9998322559827761	0.9998692940592017	0.9978707433176200
-0.1499999999999992	0.9998861067231561	0.9999282077643746	0.9981564864551111
-0.1399999999999992	0.9999247103089643	0.9999695062438466	0.9984707796143685
-0.1299999999999992	0.9999517342396961	0.9999967343976370	0.9988098213840727
-0.1199999999999992	0.9999701410515835	1.0000128705811733	0.9991682877251631
-0.1099999999999992	0.9999822847038372	1.0000204190651529	0.9995396438865748
-0.0999999999999992	0.9999900000999989	1.0000214887526144	0.9999164581390740
-0.0899999999999992	0.9999946856182428	1.0000178588207909	1.0002907122139038
-0.0799999999999993	0.9999973785668720	1.0000110322426570	1.0006541034935279
-0.0699999999999993	0.9999988235113840	1.0000022783615690	1.0009983342206863
-0.0599999999999993	0.9999995334402177	0.9999926658411631	1.0013153832657034
-0.0499999999999993	0.9999998437500244	0.9999830873926245	1.0015977563161731
-0.0399999999999993	0.9999999590400016	0.9999742776949971	1.0018387107247158
-0.0299999999999992	0.9999999927100001	0.9999668258752935	1.0020324516638326
-0.0199999999999992	0.9999999993599999	0.9999611838092681	1.0021742966874863
-0.0099999999999992	0.9999999999900000	0.9999576713472355	1.0022608062818716
0.0000000000000008	1.0000000000000000	0.9999564793701040	1.0022898784971372
0.0100000000000008	0.9999999999900000	0.9999576713472359	1.0022608062818714
0.0200000000000008	0.9999999993599999	0.9999611838092666	1.0021742966874876
0.0300000000000008	0.9999999927100001	0.9999668258752951	1.0020324516638341
0.0400000000000008	0.9999999590400016	0.9999742776949965	1.0018387107247153
0.0500000000000008	0.9999998437500244	0.9999830873926243	1.0015977563161704
0.0600000000000008	0.9999995334402177	0.9999926658411629	1.0013153832657058
0.0700000000000008	0.9999988235113840	1.0000022783615687	1.0009983342206881
0.0800000000000008	0.9999973785668720	1.0000110322426570	1.0006541034935261
0.0900000000000007	0.9999946856182428	1.0000178588207915	1.0002907122139084
0.1000000000000007	0.9999900000999989	1.0000214887526138	0.9999164581390771
0.1100000000000007	0.9999822847038372	1.0000204190651532	0.9995396438865773
0.1200000000000007	0.9999701410515835	1.0000128705811708	0.9991682877251680
0.1300000000000007	0.9999517342396961	0.9999967343976384	0.9988098213840743
0.1400000000000007	0.9999247103089643	0.9999695062438468	0.9984707796143769
0.1500000000000007	0.9998861067231561	0.9999282077643750	0.9981564864551250
0.1600000000000008	0.9998322559827761	0.9998692940592033	0.9978707433176297
0.1700000000000008	0.9997586825581641	0.9997885471670582	0.9976155241012886
0.1800000000000008	0.9996599934038052	0.9996809555934245	0.9973906825911267
0.1900000000000008	0.9995297624174135	0.9995405804558358	0.9971936773591309
0.2000000000000008	0.9993604093380237	0.9993604093380252	0.9970193192972889
0.2100000000000008	0.9991430737424110	0.9991321995016017	0.9968595467495204
0.2200000000000008	0.9988674850044148	0.9988463126880038	0.9967032329823978
0.2300000000000008	0.9985218293330876	0.9984915443415517	0.9965360304415296
0.2400000000000008	0.9980926153089085	0.9980549506829882	0.9963402558830108
0.2500000000000008	0.9975645396980030	0.9975216776457375	0.9960948200496019
0.2600000000000008	0.9969203557469423	0.9968747962393235	0.9957752050819284
0.2700000000000009	0.9961407466482073	0.9960951494075566	0.9953534923195021
0.2800000000000009	0.9952042074194456	0.9951612158874447	0.9947984425588074
0.2900000000000009	0.9940869390554828	0.9940489969293439	0.9940756302009007
0.3000000000000009	0.9927627594833662	0.9927319319937468	0.9931476320443274
0.3100000000000009	0.9912030365643079	0.9911808496767330	0.9919742707668234
0.3200000000000009	0.9893766491214926	0.9893639601213796	0.9905129123979045
0.3300000000000009	0.9872499826994781	0.9872468950279611	0.9887188163214023
0.3400000000000009	0.9847869674388126	0.9847928010727502	0.9865455355701538
0.3500000000000009	0.9819491660259702	0.9819624920694736	0.9839453643927882
0.3600000000000009	0.9786959200883636	0.9787146645526864	0.9808698292938397
0.3700000000000009	0.9749845635688406	0.9750061806225314	0.9772702189824558
0.3800000000000009	0.9707707114439189	0.9707924208629979	0.9730981479216212
0.3900000000000010	0.9660086315467276	0.9660277089336065	0.9683061474589874
0.4000000000000010	0.9606517061174296	0.9606658080422386	0.9628482778524010
0.4100000000000010	0.9546529879333444	0.9546604879450683	0.9566807538884760
0.4200000000000010	0.9479658533853944	0.9479661594038969	0.9497625762416010
0.4300000000000010	0.9405447516122722	0.9405385711805312	0.9420561602440618
0.4400000000000010	0.9323460447676557	0.9323355626883666	0.9335279533459444
0.4500000000000010	0.9233289297275983	0.9233178633837116	0.9241490322463001
0.4600000000000010	0.9134564261691432	0.9134499278993859	0.9138956704846017
0.4700000000000010	0.9026964101795878	0.9027007938425458	0.9027498672031177
0.4800000000000010	0.8910226666951081	0.8910449471461050	0.8906998278353747
0.4900000000000010	0.8784159285149178	0.8784631779286434	0.8777403876513885
0.5000000000000010	0.8648648648648636	0.8649434080408290	0.8638733694040163
0.5100000000000010	0.8503669790089194	0.8504814699181658	0.8491078667788738
0.5200000000000010	0.8349293727445829	0.8350818150856122	0.8334604459576003
0.5300000000000010	0.8185693362273171	0.8187581297389026	0.8169552583645631
0.5400000000000010	0.8013147247872200	0.8015338343318129	0.7996240585823030
0.5500000000000010	0.7832040903812606	0.7834424440971191	0.7815061224914107
0.5600000000000011	0.7642865439847027	0.7645277679987510	0.7626480619144230
0.5700000000000011	0.7446213362188875	0.7448439248167178	0.7431035334167473
0.5800000000000011	0.7242771562288206	0.7244551569762360	0.7229328404343442
0.5900000000000011	0.7033311624254805	0.7034354254068003	0.7022024295488858
0.6000000000000011	0.6818677722016122	0.6818677722015617	0.6809842835045194
0.6100000000000011	0.6599772500676895	0.6598434421951450	0.6593552154411735
0.6200000000000011	0.6377541438477511	0.6374607597996390	0.6373960707890651
0.6300000000000011	0.6152956258068005	0.6148237635573961	0.6151908453055575
0.6400000000000011	0.5926997993033865	0.5920406078587610	0.5928257298125277
0.6500000000000011	0.5700640315516163	0.5692217491074171	0.5703880942794904
0.6600000000000011	0.5474833694603364	0.5464779422135223	0.5479654259597131
0.6700000000000012	0.5250490887361745	0.5239180825593567	0.5256442382833123
0.6800000000000012	0.5028474171872036	0.5016469383619340	0.5035089690975024
0.6900000000000012	0.4809584623015444	0.4797628284604229	0.4816408885685785
0.7000000000000012	0.4594553616143399	0.4583553107306249	0.4601170385658593
0.7100000000000012	0.4384036629898863	0.4375029562670326	0.4390092265710441
0.7200000000000012	0.4178609314832949	0.4172712937918652	0.4183830980269846
0.7300000000000012	0.3978765704795537	0.3977110169875216	0.3982973114801207
0.7400000000000012	0.3784918377038536	0.3788565540672039	0.3788028407955890
0.7500000000000012	0.3597400316177739	0.3607251032266628	0.3599424280399749
0.7600000000000012	0.3416468206415507	0.3433162389409297	0.3417502092320381
0.7700000000000012	0.3242306864084987	0.3266121914631260	0.3242515329456521
0.7800000000000012	0.3075034525980871	0.3105788943694112	0.3074629885913925
0.7900000000000013	0.2914708724868503	0.2951678814099986	0.2913926569733951
0.8000000000000013	0.2761332508615338	0.2803190929270221	0.2760405902755590
0.8100000000000013	0.2614860790308427	0.2659646222358654	0.2613995218241316
0.8200000000000013	0.2475206650611236	0.2520333918914820	0.2474557976388927
0.8300000000000013	0.2342247448066252	0.2384566968206163	0.2341905117471724
0.8400000000000013	0.2215830626203289	0.2251744837248978	0.2215808153057159
0.8500000000000013	0.2095779136839594	0.2121421515996905	0.2096013555536583
0.8600000000000013	0.1981896426014374	0.1993375539679587	0.1982257842903867
0.8700000000000013	0.1873970952155565	0.1867677566169853	0.1874282567052242
0.8800000000000013	0.1771780225224870	0.1744749519059274	0.1771848197368766
0.8900000000000013	0.1675094370864164	0.1625407485384504	0.1674745644489131
0.9000000000000014	0.1583679235272959	0.1510878400504286	0.1582803888962304
0.9100000000000014	0.1497299055083020	0.1402778017859810	0.1495891863323711
0.9200000000000014	0.1415718722309980	0.1303034700419130	0.1413912380568108
0.9300000000000014	0.1338705678008774	0.1213740130214308	0.1336785503944029
0.9400000000000014	0.1266031469976055	0.1136904056052146	0.1264418308863155
0.9500000000000014	0.1197473010127750	0.1074085623396008	0.1196657493831823
0.9600000000000014	0.1132813566385370	0.1025868586628354	0.1133220749761807
0.9700000000000014	0.1071843522331726	0.0991141718015775	0.1073602191680740
0.9800000000000014	0.1014360935795420	0.0966138918596975	0.1016946489392230
0.9900000000000014	0.0960171925096350	0.0943185816050657	0.0961885599452207
1.0000000000000000	0.0909090909090909	0.0909090909092607	0.0906331195110591
